Ordered	null	null	null	All	Time
0	0	0	0	0	267057
0	0	0	0	0	292274
0	0	0	0	0	302440
0	0	0	0	0	302445
0	0	0	0	0	329257
0	0	0	0	0	356308
0	0	0	0	0	392290
0	0	0	0	0	419340
0	0	0	0	0	430589
0	0	0	0	0	486922
0	0	0	0	0	542738
0	0	0	0	0	290581
0	0	0	0	0	290587
0	0	0	0	0	314777
0	0	0	0	0	348778
0	0	0	0	0	348783
0	0	0	0	0	372963
0	0	0	0	0	378993
0	0	0	0	0	410960
0	0	0	0	0	410965
0	0	0	0	0	418760
0	0	0	0	0	435143
0	0	0	0	0	460292
0	0	0	0	0	460296
0	0	0	0	0	474625
0	0	0	0	0	524310
0	0	0	0	0	524315
0	0	0	0	0	563507
0	0	0	0	0	563512
0	0	0	0	0	576758
0	0	0	0	0	599657
0	0	0	0	0	599663
0	0	0	0	0	616392
0	0	0	0	0	616397
0	0	0	0	0	631048
0	0	0	0	0	661824
0	0	0	0	0	661831
0	0	0	0	0	666623
0	0	0	0	0	666628
0	0	0	0	0	675897
0	0	0	0	0	684438
0	0	0	0	0	732105
0	0	0	0	0	732110
0	0	0	0	0	755907
0	0	0	0	0	773789
0	0	0	0	0	788038
0	0	0	0	0	788044
0	0	0	0	0	792022
0	0	0	0	0	792027
